780
302
482
338
682
233
453
239
216
730
715
899
295
851
672
529
46
216
199
305
23
781
742
639
516
768
52
842
71
376
430
289
432
25
756
432
729
914
997
43
863
147
653
813
735
506
117
638
239
735
582
880
840
238
711
655
174
368
568
30
503
90
311
983
608
876
766
175
129
178
329
454
440
749
845
704
156
534
960
623
789
865
392
218
573
41
1
72
828
70
141
535
917
674
638
195
701
326
18
902
445
49
782
586
911
262
394
766
404
292
989
143
814
303
5
328
901
808
596
851
566
122
34
79
453
828
74
546
498
982
972
558
895
493
83
811
949
956
809
526
684
453
199
15
606
4
241
574
702
2
523
918
773
466
191
110
407
706
605
960
489
208
989
619
551
459
345
282
343
783
697
496
909
41
64
817
963
152
819
35
982
52
937
406
10
646
443
964
147
371
793
3
920
312
629
461
720
365
903
139
